median matrix value:

Original pixel values (5x5 patch):
[[101 101 120 120 137]
 [116 116 101 101 141]
 [141 141 130 130 150]
 [118 118 158 158 123]
 [108 108 136 136 141]]
After median filtering (5x5 patch):
[[129 128 128 128 128]
 [127 127 127 127 130]
 [130 120 123 130 130]
 [136 136 136 137 137]
 [135 135 136 137 140]]

Comparison values :

Original (5x5 patch):
[[101 101 120 120 137]
 [116 116 101 101 141]
 [141 141 130 130 150]
 [118 118 158 158 123]
 [108 108 136 136 141]]
Median Filtered (5x5 patch):
[[129 128 128 128 128]
 [127 127 127 127 130]
 [130 120 123 130 130]
 [136 136 136 137 137]
 [135 135 136 137 140]]
Gaussian Blurred (5x5 patch):
[[121 118 119 123 127]
 [124 120 120 124 129]
 [127 126 129 132 135]
 [125 129 135 139 139]
 [126 128 135 140 141]]
